Iteration: 0, Shift Value: 0.16360807474246994, Converge Threshold: 0.001, Reduce Number: 2
Iteration: 1, Shift Value: 0.0, Converge Threshold: 0.001, Reduce Number: 2

Silhouette Score: 0.829106417372867
